data
-30.83
-30.2
-29.09
-29.34
-28.6
-28.98
-29.38
-28.74
-27.06
-24.57
-24.18
-26.08
-25.51
-26.04
-25.71
-25.76
-25.22
-24.67
-23.92
-23.37
-22.51
-22.99
-22.85
-22.85
-22.71
-22.06
-22.13
-22.21
-23.2
-22.88
-22.72
-21.82
-20.56
-20.15
-20.58
-21.66
-22.91
-22.44
-23.07
-21.89
-22.45
-22.73
-22.09
-21.17
-22.11
-21.31
-21.43
-22.86
-24.45
-23.42
-23.73
-24.67
-25.39
-24.91
-25.93
-24.3
-23.65
-22.43
-22.84
-23.63
-23.57
-24.8
-25.1
-24.78
-25.25
-25.15
-24.35
-23.58
-23.85
-24.54
-25.42
-23.8
-22.08
-23.06
-22.4
-21.43
-21.46
-19.46
-19.89
-20.19
-20.57
-21.26
-23.23
-23.89
-24.84
-24.95
-26.09
-26.71
-27.09
-26.24
-27.37
-26.27
-23.77
-23.85
-23.06
-22.46
-22.82
-22.98
-24.33
-24.77
-23.27
-24.32
-24.33
-23.7
-24.69
-24.23
-24.46
-25
-24.37
-24.62
-25.81
-25.99
-26.67
-26.24
-25.28
-25.49
-25.4
-25.73
-27.07
-26.54
